   0.0000000000000000e+00   3.2005695408261756e+00   5.6886570602996782e+00   9.2119740818999674e+00   1.2176524164472674e+01   1.4479657074238753e+01   1.8019020854237692e+01   2.2181846818370847e+01   2.6471721811885750e+01   2.9163923384476739e+01   2.9488684717038853e+00   4.5608160014317773e+00   7.0547758542851664e+00   9.3759252942772786e+00   1.2122522905155622e+01   1.4574706062211833e+01   1.7200026815447991e+01   2.1582748225027924e+01   2.4765747333019569e+01   2.9115277740300922e+01   6.1453666191096250e+00   6.4180825182966963e+00   8.6489994913370936e+00   1.0821865567572514e+01   1.3910235456423621e+01   1.6205991974783032e+01   1.9875817456456986e+01   2.1774604785714466e+01   2.4674470121834435e+01   2.6547755589728133e+01   9.3958652014684674e+00   9.0414038988680527e+00   1.0699915505614001e+01   1.2283239222774650e+01   1.3608118057390840e+01   1.7792767996029152e+01   2.0464378504690885e+01   2.1460574219769367e+01   2.5942377562093849e+01   2.6869006534520253e+01   1.2359887885261671e+01   1.1815409496940710e+01   1.3444782125897616e+01   1.5211585404866137e+01   1.6439107773829598e+01   1.9315994889996180e+01   2.0688455803204022e+01   2.5248503905913523e+01   2.7564292299132127e+01   3.0910220431182520e+01   1.4515373433887740e+01   1.5115981098988994e+01   1.5442038189355765e+01   1.7519355614740761e+01   1.8227306662077730e+01   2.0825351881887464e+01   2.3349291678840700e+01   2.6305252768585390e+01   2.8250567833667208e+01   3.2185794328688985e+01   1.7288186162620221e+01   1.7515134698736553e+01   1.9375781153042233e+01   2.1146260259158293e+01   2.2472063600671262e+01   2.3197781188632106e+01   2.3969643694481249e+01   2.6947827418068741e+01   2.8220564478744510e+01   3.4943406809631107e+01   1.9921241341704086e+01   2.1386473464251750e+01   2.1990508111499409e+01   2.3605405594882708e+01   2.3848315079838272e+01   2.4545180070061711e+01   2.5680089557470168e+01   3.0851364257673755e+01   3.2594650656349479e+01   3.3561360637055067e+01   2.4468108129056223e+01   2.5456969414057721e+01   2.5352857004023463e+01   2.7042938257150002e+01   2.5793336663809676e+01   2.8324980584000681e+01   2.9283746873301943e+01   3.1918578929740715e+01   3.4556238102641309e+01   3.5129834021541662e+01   2.5516357259712329e+01   2.7742131605706131e+01   2.7680339298668596e+01   3.0286112836597745e+01   2.7944153663242556e+01   3.1399635155179737e+01   3.0960446395719295e+01   3.3252719816159015e+01   3.6026079569875058e+01   3.6422134972658569e+01
   3.2005695408261756e+00   0.0000000000000000e+00   2.9302743967179512e+00   5.7760485129658452e+00   9.1795067662564751e+00   1.2089444828173029e+01   1.5713324252856925e+01   1.8387717220849211e+01   2.1089780565589919e+01   2.3580908390229560e+01   3.9445592111291541e+00   2.8908433681849783e+00   4.2820083015782160e+00   6.6165840966803691e+00   9.9581195863826668e+00   1.2535379339653879e+01   1.5902081542968597e+01   1.7599957546967541e+01   2.1523589801067903e+01   2.4290213885886669e+01   7.3980660283484001e+00   5.9328994532852839e+00   6.9103593222612920e+00   8.1562641595373204e+00   1.0717084908915613e+01   1.3341481637494587e+01   1.6760102643069214e+01   1.8718665862085782e+01   2.2363602190425134e+01   2.4066993080201279e+01   9.4809802695336991e+00   8.6086534042235598e+00   9.3357473762737495e+00   1.1024294297322005e+01   1.2992386040304163e+01   1.5057993089824036e+01   1.6781568925032278e+01   2.0347138428122971e+01   2.4268998623831887e+01   2.6663708214564814e+01   1.2679931770851301e+01   1.1815295036507127e+01   1.1524073523961482e+01   1.3231912212246618e+01   1.4439936534180859e+01   1.5745374866581850e+01   1.8802089167871557e+01   2.1478359965176587e+01   2.2706840798542395e+01   2.7779909332040283e+01   1.5275702516686033e+01   1.4434512608707236e+01   1.4771993675334317e+01   1.6135662785306550e+01   1.7377325141960611e+01   1.9070292056215756e+01   2.1903901429273301e+01   2.4532608553075985e+01   2.5759661845954621e+01   2.8100501318366362e+01   1.8413247186765744e+01   1.6799706137318179e+01   1.8259712130637581e+01   2.0010305493432526e+01   2.0378929999054776e+01   2.1458306397826949e+01   2.2912542475013190e+01   2.4915550405856738e+01   2.7988541645938671e+01   3.0214632502397492e+01   1.9997242289633160e+01   2.0626509100056502e+01   2.0209870055143917e+01   2.1312423843480005e+01   2.4464576147213183e+01   2.3979722763501307e+01   2.6238004556158167e+01   2.8155339375536499e+01   2.8997665343447583e+01   3.2124420025499802e+01   2.3186880703791015e+01   2.4788729262267299e+01   2.3839521069413067e+01   2.4327448084884804e+01   2.5177442348477935e+01   2.8705164247505142e+01   2.6710624943281218e+01   3.0648177469288441e+01   3.3390791282120645e+01   3.3066459119665275e+01   2.7350789547704046e+01   2.6684230218187942e+01   2.6354531653192662e+01   2.8099943103905300e+01   2.8260171717075231e+01   3.1311528029961387e+01   3.2433161301328880e+01   3.2423351028744143e+01   3.3299037687821553e+01   3.7110307948793000e+01
   5.6886570602996782e+00   2.9302743967179512e+00   0.0000000000000000e+00   3.0538914405427557e+00   5.7978080879375309e+00   9.1572636956886182e+00   1.2085204442509498e+01   1.5039580310978426e+01   1.7835533789568469e+01   2.0976927866460251e+01   6.5518290974072730e+00   4.5605417196645117e+00   3.0701031007143729e+00   4.0846515616646526e+00   6.4616763665733954e+00   9.3269848658396963e+00   1.2516575186391790e+01   1.4978514186883972e+01   1.9510822440368774e+01   2.1131520166154750e+01   8.4898821274952372e+00   6.9684554972104777e+00   6.4508938970224854e+00   6.5075053147648374e+00   8.0883694501108483e+00   1.0987303266276927e+01   1.4017674685402151e+01   1.5720544401672289e+01   1.8953958080733386e+01   2.2099207317084307e+01   1.0559338531025658e+01   9.6122444165160346e+00   8.7066859671133390e+00   9.1044461654537763e+00   1.0577998407383413e+01   1.2150764333384526e+01   1.5074387407197596e+01   1.5717643580588897e+01   1.9546622832625793e+01   2.3517262828044156e+01   1.2639145071939275e+01   1.2792873063488276e+01   1.1875300281555020e+01   1.2109664732505655e+01   1.3768870303626127e+01   1.4069353436150857e+01   1.6524170018197854e+01   2.0248078924998012e+01   2.1958112149996058e+01   2.3440926664462985e+01   1.6231263636759312e+01   1.5449001714654885e+01   1.5362930395400246e+01   1.5645309284341012e+01   1.6121784377961628e+01   1.6866751993310213e+01   1.9985482507581178e+01   1.8683406445931098e+01   2.4333964538602832e+01   2.5621271257494627e+01   2.0128812392558284e+01   1.7940741255404806e+01   1.7347867040846218e+01   1.8243777820862938e+01   1.9725740965184475e+01   1.9835189216032756e+01   2.1283862091142758e+01   2.1754513360078093e+01   2.5166194870118630e+01   2.8383326457686895e+01   2.2208830539421182e+01   2.1947117406605525e+01   2.1004643459668600e+01   2.0896344922453512e+01   2.1742962309401229e+01   2.3546425603577735e+01   2.3116577241237305e+01   2.6155901065096224e+01   2.5639153215758018e+01   2.8861851598091445e+01   2.5920912746530099e+01   2.4889900827835497e+01   2.4296819909576971e+01   2.5060035771077359e+01   2.5650766281276404e+01   2.7362842348744916e+01   2.5639328495981598e+01   2.6905402500779672e+01   3.0957704148998804e+01   3.1982907186046106e+01   2.7836955077201964e+01   2.5950964001453663e+01   2.7643811745282303e+01   2.7763464261926234e+01   2.7392712879960079e+01   2.7957028308859055e+01   2.8294329474333356e+01   3.2560756368059494e+01   3.0173027195953129e+01   3.1858145598617270e+01
   9.2119740818999674e+00   5.7760485129658452e+00   3.0538914405427557e+00   0.0000000000000000e+00   2.9878101119641784e+00   5.9399446514252245e+00   9.0903393479129981e+00   1.1962113945297348e+01   1.5122289291258973e+01   1.8779583429336736e+01   9.5408053196568900e+00   6.4423554608039817e+00   4.1873800984626017e+00   3.1572690827667995e+00   4.2369339664189223e+00   6.6373953222512991e+00   8.9840829491461420e+00   1.2861718939455605e+01   1.5956991265107659e+01   1.8430409997290663e+01   1.0444937591586424e+01   8.3407935877578065e+00   6.3116445322343866e+00   5.8852340280022792e+00   6.6354154620625705e+00   8.6355709515021175e+00   1.0320559077307419e+01   1.2969330228209692e+01   1.4602972302698477e+01   2.0157767238936628e+01   1.3018903685827290e+01   1.0269071487982144e+01   9.2896103371232943e+00   8.5009251879911716e+00   9.0895262886345609e+00   1.0220664777586094e+01   1.3605467983448706e+01   1.5243332013728848e+01   1.6442672616888654e+01   2.0629274111299562e+01   1.4407303357473898e+01   1.3296779086747582e+01   1.2039227403095193e+01   1.2264568018842326e+01   1.2227051280646371e+01   1.4261102584899477e+01   1.4598891700525183e+01   1.7382173675675087e+01   1.9771398178406699e+01   2.1969478959356550e+01   1.7881593876850694e+01   1.6003799196283232e+01   1.4645788199142764e+01   1.4611076698032239e+01   1.5927707094816103e+01   1.5818974282722939e+01   1.7815127471703082e+01   1.9492151579393052e+01   2.1892584562583412e+01   2.2085809999065891e+01   1.9118529125212564e+01   1.9195059930130526e+01   1.8899578312000031e+01   1.7840868197940146e+01   1.8965191278483971e+01   1.8781435037106434e+01   2.0420717631535837e+01   2.0459212861085394e+01   2.3167398908711220e+01   2.5284212299228084e+01   2.1947192895664760e+01   2.2237195641316159e+01   1.9522106913196939e+01   2.1303308965998657e+01   2.1498841870275815e+01   2.1497333939677532e+01   2.2695471770850482e+01   2.4206349593778249e+01   2.3921413312165534e+01   2.9133586091619780e+01   2.6814244782929876e+01   2.5337967268644139e+01   2.4466007583403176e+01   2.4741665191586105e+01   2.3170315818279491e+01   2.5451544022020506e+01   2.5504761379571615e+01   2.6964242773523779e+01   2.7279322770461327e+01   3.0304953841999030e+01   2.9014027987366109e+01   2.7142760343897837e+01   2.6511125460786200e+01   2.6770680642541326e+01   2.6655714837579289e+01   2.6842664941910201e+01   2.6682102625542942e+01   2.9752617861024753e+01   3.0317461695905656e+01   3.3075075795530019e+01
   1.2176524164472674e+01   9.1795067662564751e+00   5.7978080879375309e+00   2.9878101119641784e+00   0.0000000000000000e+00   3.0166952481261506e+00   6.4245106659454745e+00   8.8981953789715913e+00   1.2493372389276583e+01   1.5223390360525860e+01   1.2910533193160028e+01   9.1041231966970120e+00   6.3547728527136602e+00   4.2741331045282900e+00   2.8455567223160783e+00   4.3463611328433442e+00   6.6495209174655248e+00   9.4875224921761898e+00   1.2263046906498184e+01   1.5072692121796059e+01   1.3207331963612958e+01   1.0819591598527401e+01   8.3984039628251086e+00   6.5860963248002857e+00   5.8706883267591241e+00   6.7767508287965903e+00   8.7265145354994011e+00   1.0695474259024936e+01   1.3618570459907396e+01   1.5424838903051098e+01   1.4967012059758687e+01   1.2582529374254996e+01   1.0994634810979425e+01   9.5467172117172616e+00   8.4371849403801349e+00   9.2169201832249321e+00   1.0517722885320079e+01   1.2966233135693708e+01   1.6089514731469006e+01   1.7600435308639007e+01   1.7001234517442214e+01   1.5964155093046667e+01   1.3046049976881379e+01   1.2127374246915982e+01   1.2327720485933154e+01   1.2302009546326028e+01   1.3516424401986782e+01   1.5891550237087975e+01   1.7647343785450385e+01   1.9718064431749557e+01   1.8875236792390634e+01   1.6778254470747548e+01   1.6174776359085630e+01   1.5510488659979965e+01   1.6008238340961956e+01   1.5809376357417818e+01   1.6030654711891824e+01   1.8516505844814613e+01   1.8353897722512858e+01   2.1585709942698184e+01   2.2231777223644386e+01   2.1177737580978476e+01   1.7885549086121667e+01   1.7219984632706428e+01   1.7385633697824652e+01   1.8918148244501690e+01   1.8590470657554498e+01   2.0139865169409749e+01   2.1848256972081177e+01   2.3352567990727163e+01   2.4359226285602880e+01   2.4074241928345600e+01   2.2018848303165495e+01   2.0914695640649668e+01   2.1900763240603336e+01   2.2124716623772489e+01   2.1618471367968510e+01   2.1844390721685858e+01   2.4268459994105854e+01   2.5477019733597164e+01   2.7994082338904370e+01   2.5051317305024462e+01   2.5185876593331333e+01   2.4145743556241090e+01   2.3305417439360394e+01   2.2912915741984083e+01   2.6418118153139339e+01   2.5122807575497774e+01   2.7561700341193603e+01   2.8418768482417903e+01   2.9370295827666393e+01   2.9487563380159582e+01   2.7874657449255064e+01   2.8393388405896992e+01   2.8563836095954709e+01   2.6813127656029188e+01   2.7848329349498528e+01   2.7593103313045546e+01   3.0373653224686734e+01   3.0238364510282011e+01
   1.4479657074238753e+01   1.2089444828173029e+01   9.1572636956886182e+00   5.9399446514252245e+00   3.0166952481261506e+00   0.0000000000000000e+00   2.9693963048199694e+00   6.5216080688506777e+00   8.8302083282813477e+00   1.1132657256070075e+01   1.4563193811185480e+01   1.2094428138465853e+01   9.2373085510650785e+00   6.6290503437305217e+00   4.2669324982770114e+00   3.0012637113403855e+00   4.3149168628598318e+00   6.8112673942442568e+00   9.7895596605599398e+00   1.2545003878935750e+01   1.5932687424437363e+01   1.2966660726102273e+01   1.1717126877471953e+01   8.1963850754923726e+00   6.7451286191273185e+00   5.9758917117339410e+00   7.4203309641291462e+00   8.4176172192202401e+00   1.0200620690030064e+01   1.3576109308234594e+01   1.7295509781591246e+01   1.4693137872110213e+01   1.2250258235397235e+01   1.0660006754008050e+01   9.4155515447876716e+00   8.4076928975784959e+00   9.0822877589381434e+00   1.1401303128960715e+01   1.2986065046557130e+01   1.5086489705804368e+01   1.9754157589550889e+01   1.6687571236385146e+01   1.5241586313310414e+01   1.3414341409806580e+01   1.2681606058497840e+01   1.2612674295208935e+01   1.1903089076262278e+01   1.2682868127629133e+01   1.4121185942416965e+01   1.6354394820928214e+01   2.1434713952682788e+01   1.8614816087057864e+01   1.7774363504586155e+01   1.6019542079207152e+01   1.5196190547014014e+01   1.4812857363475965e+01   1.5537386072333589e+01   1.5868208226403272e+01   1.7419621474847435e+01   1.9596293314255188e+01   2.3937721742144781e+01   2.1917583631155697e+01   2.0668086300519647e+01   1.9135721168698350e+01   1.8029161586580855e+01   1.8692642725081352e+01   1.8411234098179452e+01   1.9228974517623826e+01   2.0794657195194524e+01   2.1010249819770042e+01   2.7217260110203927e+01   2.4675584390249803e+01   2.3142148032827720e+01   2.2418609314891693e+01   2.0759240790681289e+01   2.0850012954460031e+01   2.0090831250910863e+01   2.1110043189631440e+01   2.3374527011585521e+01   2.4652696456687014e+01   2.7634628994641542e+01   2.7231183866018544e+01   2.5324913596987678e+01   2.4189542919813842e+01   2.3874613527859825e+01   2.3804117823535844e+01   2.5545509332501471e+01   2.5019528571150804e+01   2.4456203643936913e+01   2.5939035446566297e+01   3.1458659562719458e+01   2.8383205816907175e+01   2.9394683652093345e+01   2.8217041976164097e+01   2.7244966305515764e+01   2.7725464120532802e+01   2.6908345038571952e+01   2.7725462820769131e+01   2.8985916099203717e+01   3.1152202512121644e+01
   1.8019020854237692e+01   1.5713324252856925e+01   1.2085204442509498e+01   9.0903393479129981e+00   6.4245106659454745e+00   2.9693963048199694e+00   0.0000000000000000e+00   3.1106717888413882e+00   6.0832951924723888e+00   9.1232617965275935e+00   1.8235319870936383e+01   1.5864578984721772e+01   1.2417437169556116e+01   9.6193081649584826e+00   6.4761448677136508e+00   4.3451771304770164e+00   3.0148733098700533e+00   4.3309143596172595e+00   6.6509273535608253e+00   9.9412262146574886e+00   1.9469371855451801e+01   1.6495920816477113e+01   1.3474006860061587e+01   1.0650862086633561e+01   8.1387351160584753e+00   6.6137407612465582e+00   6.2522446790887720e+00   6.4251343271625023e+00   8.5937771383037092e+00   1.0261619426932697e+01   1.9441847913957151e+01   1.8153503239382935e+01   1.4908627534040470e+01   1.3491082376756095e+01   1.0491028801174066e+01   9.1688863575031583e+00   8.8711300042654635e+00   9.0727197662309678e+00   1.0035494805747645e+01   1.2413578944506931e+01   2.2231425289362384e+01   1.7511976084580507e+01   1.6105010795168084e+01   1.4512774046099080e+01   1.3504737002978011e+01   1.2254317666234465e+01   1.2557488521672381e+01   1.2160028707157617e+01   1.3212954557020335e+01   1.4831087450766825e+01   2.2279602165792575e+01   2.0526649968527000e+01   1.9524426301765686e+01   1.8700192525568223e+01   1.5883156609096323e+01   1.5248705723992710e+01   1.5061361240648781e+01   1.5195836321744252e+01   1.5794883737774677e+01   1.6041355305622794e+01   2.6806362071758969e+01   2.2085133184840160e+01   2.0576109040537222e+01   1.9259642230278263e+01   1.9370789136558635e+01   1.8104805550532721e+01   1.7616695111491712e+01   1.7437894087295845e+01   1.9992485291596690e+01   2.0584778348221533e+01   2.7473081724437300e+01   2.5412335639978028e+01   2.4749621697325981e+01   2.3408357807553980e+01   2.3897118727937592e+01   2.1890188246866664e+01   2.1621199642876824e+01   2.1017261823432001e+01   2.2153617951851281e+01   2.3224377566743510e+01   3.0852235765902346e+01   2.8700536486190291e+01   2.6053628121849197e+01   2.5155702336707535e+01   2.4552514718046364e+01   2.3514142902411184e+01   2.3532675837437601e+01   2.4756156101333943e+01   2.3666522505358515e+01   2.6053475031041554e+01   3.3160695225795756e+01   3.2914745997908319e+01   3.0681210266799692e+01   2.8279007264087838e+01   2.7148978769902534e+01   2.6576916834009118e+01   2.6639836648834795e+01   2.8152644797890769e+01   2.6609875009389722e+01   2.7120378386934156e+01
   2.2181846818370847e+01   1.8387717220849211e+01   1.5039580310978426e+01   1.1962113945297348e+01   8.8981953789715913e+00   6.5216080688506777e+00   3.1106717888413882e+00   0.0000000000000000e+00   2.8577644676392100e+00   5.8098386889622899e+00   2.0755210321664265e+01   1.7909403136437565e+01   1.5543284864376718e+01   1.2411999029003805e+01   8.9845697410216534e+00   6.6967695074262892e+00   4.2879174826525759e+00   2.9928666678802127e+00   4.3637389041019370e+00   6.4726070413969188e+00   2.2686904663973063e+01   1.9757931892888120e+01   1.6070660888517988e+01   1.2896615368515659e+01   1.0991309690913896e+01   8.3540492646573963e+00   6.5504751806402499e+00   5.7918137862085581e+00   6.5948625453572927e+00   8.4364746719309718e+00   2.2685922143737635e+01   1.9509597991654314e+01   1.7701538289768433e+01   1.4084987852447293e+01   1.2541752308954123e+01   1.0639222082316497e+01   8.9996254926753227e+00   8.9707319398369094e+00   9.5842145739388069e+00   1.1679399855406032e+01   2.3311261727106139e+01   2.1892013484039641e+01   1.8560535866543052e+01   1.5728778279832348e+01   1.3588049607217192e+01   1.3603246393257949e+01   1.2763911865068643e+01   1.2016174028447779e+01   1.1774883557286207e+01   1.3404127919297109e+01   2.7710106977899404e+01   2.3813373093433359e+01   2.1962997359632688e+01   1.9253967844075881e+01   1.8035647497604661e+01   1.5468204261165402e+01   1.5352584678603387e+01   1.4956677037695220e+01   1.4424066074626419e+01   1.5889783383178653e+01   2.9040689578312094e+01   2.5800359179240672e+01   2.2940399814103749e+01   2.1285089342197470e+01   2.0960593303196521e+01   1.9258732401433598e+01   1.8343974416275401e+01   1.7835960676539035e+01   1.7495023527356096e+01   1.7799716930327705e+01   2.8091701284245882e+01   2.8707015299358542e+01   2.4697151297799561e+01   2.3589107167526738e+01   2.2165014219463544e+01   2.1728430082757473e+01   2.1493684323009315e+01   2.0621335445626123e+01   2.2034344920474876e+01   2.1650029818538496e+01   3.2873685892595077e+01   2.8118831200702697e+01   2.6609027597444459e+01   2.5781093172034328e+01   2.6401575717502489e+01   2.6421011068931222e+01   2.4894555201085428e+01   2.3410432015232008e+01   2.5021350834861458e+01   2.3364040588730138e+01   3.4373960832228519e+01   3.3876359374284164e+01   2.9656576717395371e+01   2.9259397288439938e+01   3.1007564061435556e+01   2.8284994683657246e+01   2.7926232316268809e+01   2.5592282212408826e+01   2.6953132201961331e+01   2.8948224399777686e+01
   2.6471721811885750e+01   2.1089780565589919e+01   1.7835533789568469e+01   1.5122289291258973e+01   1.2493372389276583e+01   8.8302083282813477e+00   6.0832951924723888e+00   2.8577644676392100e+00   0.0000000000000000e+00   2.9414057046401747e+00   2.4447131195616070e+01   1.9559167324384422e+01   1.8226735058007058e+01   1.5860414927303010e+01   1.2292264139465225e+01   9.4114247932282957e+00   6.7652625917678861e+00   4.2601258590998787e+00   3.0839144766535105e+00   4.2253309551811586e+00   2.4060528927912337e+01   2.1053755980772181e+01   1.8421626441793197e+01   1.5449877669102184e+01   1.2794746823895672e+01   9.9137913295676086e+00   8.3884669479744254e+00   6.9209819488878521e+00   5.9945643935579316e+00   7.0174451797496946e+00   2.6192247353844973e+01   2.2799187402329274e+01   2.0748209279156104e+01   1.7305286242214660e+01   1.4984776845425550e+01   1.3193258174935652e+01   1.0743498449594181e+01   9.8395992380453414e+00   8.5267714606946416e+00   8.7766128430643793e+00   2.9068408533378832e+01   2.3304116858370495e+01   2.1716005286603131e+01   1.8934904002090779e+01   1.6689933572449416e+01   1.3404939016058787e+01   1.4102958223563572e+01   1.1787927764776718e+01   1.1770185892197999e+01   1.2343015685432039e+01   2.6851560998819785e+01   2.5516684324562700e+01   2.4256808727213389e+01   2.1281832449909487e+01   1.7934491575940285e+01   1.7083459685743900e+01   1.6862172015264974e+01   1.4688671445127735e+01   1.5374974024074671e+01   1.5499212712087191e+01   2.9340150179838194e+01   2.7267020540018965e+01   2.4941819503947428e+01   2.1561969498023839e+01   2.1277108466566439e+01   1.9766485862327347e+01   1.8714240996342212e+01   1.8115505964268440e+01   1.7439817055178430e+01   1.7882633562364667e+01   3.1926152975221161e+01   2.8733707123913625e+01   2.9172856722590740e+01   2.5763041977057416e+01   2.4724971863142230e+01   2.1942349449764500e+01   2.1249070043655014e+01   2.0553137267601826e+01   2.1433258339753156e+01   2.1130482192977489e+01   3.2325128757296120e+01   3.0195855726297857e+01   2.9812426189516842e+01   2.8923631097258497e+01   2.8133678763081413e+01   2.4480318085133295e+01   2.3440220739494716e+01   2.4276303074909375e+01   2.2453511567699255e+01   2.3993086379308735e+01   3.5865996269494275e+01   3.7102997736907923e+01   3.3646705298124878e+01   3.2622442217946613e+01   2.9845844995829264e+01   2.7003477963952186e+01   2.7301299180049504e+01   2.8062298451312341e+01   2.7553103230140280e+01   2.6877071044582792e+01
   2.9163923384476739e+01   2.3580908390229560e+01   2.0976927866460251e+01   1.8779583429336736e+01   1.5223390360525860e+01   1.1132657256070075e+01   9.1232617965275935e+00   5.8098386889622899e+00   2.9414057046401747e+00   0.0000000000000000e+00   2.7534390784283520e+01   2.4862620923176237e+01   2.1232303688733982e+01   1.8392954854906996e+01   1.4151244783184920e+01   1.2353788404005822e+01   8.9340326892054573e+00   6.6122733729690761e+00   4.2624339908495719e+00   3.1989850195976901e+00   2.9228975352941131e+01   2.4131973957290437e+01   2.2097984721671601e+01   1.9875526410444035e+01   1.6886991862260484e+01   1.3805175551296474e+01   1.0956168834054083e+01   8.0909082953369289e+00   6.6309247239093168e+00   6.1393573701075121e+00   2.7689689525440318e+01   2.5788489122212198e+01   2.4299450188998691e+01   1.9613640306998672e+01   1.6839963244195499e+01   1.5658883925624437e+01   1.3360848297020576e+01   1.1539377626105784e+01   9.1567615304828447e+00   9.1552197094599546e+00   3.0441491002348862e+01   2.7797719912732745e+01   2.3483064822613407e+01   2.0587418212416733e+01   1.9756216440966135e+01   1.7455655860966690e+01   1.4448895751387703e+01   1.2960879664292881e+01   1.2073837002017276e+01   1.1629883616487540e+01   3.0235224217086071e+01   2.9548236238672310e+01   2.4880412565653049e+01   2.2190273271208827e+01   2.2191793672957093e+01   1.9247334617137742e+01   1.7370860048864582e+01   1.6921280693299813e+01   1.5350827092367194e+01   1.4407834439429507e+01   3.1378953032668282e+01   2.9482299620046476e+01   2.8069918156300446e+01   2.5546491832791844e+01   2.3239577790614170e+01   2.2497112362859330e+01   2.0308200373280446e+01   1.9464133929625653e+01   1.8265146396059464e+01   1.7335256876089890e+01   3.3662048106528921e+01   3.2716759157463187e+01   2.9745291422343787e+01   2.9395849937380142e+01   2.5974897669864681e+01   2.4690695454945885e+01   2.2520928781693591e+01   2.2289310647366214e+01   2.4401946339700956e+01   2.0848704146061685e+01   3.5353574650347326e+01   3.5257780816243056e+01   3.2752405459558624e+01   2.9382949694871652e+01   3.0102622017878499e+01   2.7419281728363558e+01   2.5370092764089637e+01   2.3706921499488008e+01   2.2912856009152716e+01   2.2512883864402014e+01   3.5793368725994682e+01   3.5430150780833038e+01   3.4875439958286066e+01   3.1882905338987648e+01   3.3589450273335764e+01   3.0515727524014576e+01   2.8905798610729928e+01   2.7217033995345904e+01   2.7805385126804335e+01   2.6826374044186306e+01
   2.9488684717038853e+00   3.9445592111291541e+00   6.5518290974072730e+00   9.5408053196568900e+00   1.2910533193160028e+01   1.4563193811185480e+01   1.8235319870936383e+01   2.0755210321664265e+01   2.4447131195616070e+01   2.7534390784283520e+01   0.0000000000000000e+00   2.8974820522289391e+00   5.7102684331380225e+00   9.1941547995845685e+00   1.2814003241468036e+01   1.6022187681310797e+01   1.8785724127139670e+01   2.0285396722965558e+01   2.4004607849284969e+01   2.7666041121838564e+01   3.0288389244730372e+00   4.1443450888531501e+00   6.2956767141546095e+00   9.0059166339584404e+00   1.2371137067544925e+01   1.5995755446206127e+01   1.9273718392538449e+01   2.0141077060617988e+01   2.3595627378153576e+01   2.4750037521550318e+01   6.0704264976887838e+00   7.0582633049145116e+00   8.1090643754502860e+00   1.1193449152162255e+01   1.2868659784816954e+01   1.5839913562788091e+01   1.9184075973928923e+01   2.2102293553701195e+01   2.6568059059483804e+01   3.0037422238810581e+01   8.8850340154204783e+00   9.1288620561976472e+00   1.0556268407531881e+01   1.2943748519246325e+01   1.5437189487405195e+01   1.6998373184727125e+01   2.0622795921248816e+01   2.4256050680286496e+01   2.4890275008339589e+01   2.8373600763057375e+01   1.2163007791653424e+01   1.2807331154156708e+01   1.3303132322889066e+01   1.4526994161327453e+01   1.7655789708649827e+01   1.8891582897043406e+01   2.1733903065271257e+01   2.4187688304292042e+01   2.6019271265144738e+01   3.1475443200570012e+01   1.5447207336009402e+01   1.4805827657223656e+01   1.6508604262627404e+01   1.7658235220191475e+01   2.0135997602578833e+01   2.1935049361597006e+01   2.3436155634284983e+01   2.6726991955858832e+01   2.8145090339667696e+01   3.1581625323561372e+01   1.8641802508858017e+01   1.7474840593962551e+01   1.9800714035839796e+01   1.9863308120967812e+01   2.2435045620554330e+01   2.1995780014169085e+01   2.5174228424007758e+01   2.6649193937506908e+01   3.1069295917532941e+01   3.4307089195514095e+01   2.0113005721785910e+01   2.2452518506912821e+01   2.1816427102282557e+01   2.1086142523681108e+01   2.4159774065823903e+01   2.5193274976476758e+01   2.7954150790216421e+01   2.8655091291875188e+01   3.0460838751769387e+01   3.4314874135435474e+01   2.3542916689125231e+01   2.5394314207626216e+01   2.3725848647217937e+01   2.5252768223624919e+01   2.7711025815076379e+01   2.8978680479981804e+01   3.1449867616699468e+01   3.1418033654526010e+01   3.2369792409482926e+01   3.4069256070700916e+01
   4.5608160014317773e+00   2.8908433681849783e+00   4.5605417196645117e+00   6.4423554608039817e+00   9.1041231966970120e+00   1.2094428138465853e+01   1.5864578984721772e+01   1.7909403136437565e+01   1.9559167324384422e+01   2.4862620923176237e+01   2.8974820522289391e+00   0.0000000000000000e+00   2.9527009047680606e+00   5.9602391262093519e+00   8.5854654696047188e+00   1.1723035202764571e+01   1.5297189810923729e+01   1.8927014241286543e+01   2.1803854936770847e+01   2.4651913463162657e+01   4.5291492173935461e+00   3.0248806732928419e+00   4.1210289137664127e+00   7.2468530152657111e+00   9.4722754566456189e+00   1.2194351902452354e+01   1.5337010248578459e+01   1.8119444972797762e+01   2.2557609110386473e+01   2.4097906873132274e+01   6.5270929387954473e+00   6.1600033814091324e+00   6.8032760407579911e+00   8.3327758296664136e+00   1.1441629774900004e+01   1.3969791902281097e+01   1.6065713716970254e+01   1.9114575879175462e+01   2.1769513548438479e+01   2.4097819570138203e+01   9.5576935005778481e+00   9.0259130528701554e+00   9.2976984646603462e+00   1.1307136215628629e+01   1.2768114302639001e+01   1.5462612523767845e+01   1.7206120308181195e+01   2.0991280338344207e+01   2.2838213598472457e+01   2.6330824979280305e+01   1.1850254452119442e+01   1.2011654161694034e+01   1.2283110243893370e+01   1.2592827261490946e+01   1.5097706251103999e+01   1.7356063958247077e+01   1.8558375306636780e+01   2.1258854525041500e+01   2.4927552156300138e+01   2.6145239572164225e+01   1.5957629999978131e+01   1.4626967139442044e+01   1.5425299882422438e+01   1.6762161407231936e+01   1.8745784513588131e+01   1.9140253677743363e+01   2.1912611094758940e+01   2.3142845127288275e+01   2.6013811554042885e+01   2.7108377400499020e+01   1.7941088457203239e+01   1.7949498438913167e+01   1.8520092028143814e+01   1.9194280081043662e+01   2.0701313647447851e+01   2.2573000971758905e+01   2.3415585343578751e+01   2.4673703977833487e+01   2.8509887970411775e+01   2.8488010810959448e+01   2.1687928335393028e+01   2.0638114201610179e+01   2.1542262822908182e+01   2.2945572727121469e+01   2.4323472098033893e+01   2.4160912543797451e+01   2.6162279890433307e+01   2.8468447269951636e+01   2.7533725643230326e+01   3.0090842787563307e+01   2.4287150200230084e+01   2.3570296682653268e+01   2.4398844816327038e+01   2.4337923742186995e+01   2.4609892164695317e+01   2.4993580909062118e+01   2.8204830891920771e+01   3.0165245906375461e+01   3.2074110003927601e+01   3.3162451145739212e+01
   7.0547758542851664e+00   4.2820083015782160e+00   3.0701031007143729e+00   4.1873800984626017e+00   6.3547728527136602e+00   9.2373085510650785e+00   1.2417437169556116e+01   1.5543284864376718e+01   1.8226735058007058e+01   2.1232303688733982e+01   5.7102684331380225e+00   2.9527009047680606e+00   0.0000000000000000e+00   2.8453765112557834e+00   5.6867264289679049e+00   9.0999441652384885e+00   1.2311586642724111e+01   1.6443324688445976e+01   1.8463791164821842e+01   1.9387617376703535e+01   6.7665523736557436e+00   4.5169379070588880e+00   2.9985999257333593e+00   4.1733453316752778e+00   7.0161474331426836e+00   9.2175325492892757e+00   1.2413623210762522e+01   1.5674774944793239e+01   1.9216594239282749e+01   2.1264559248540667e+01   8.9551902657733535e+00   6.5907699832945355e+00   6.0796192195627272e+00   7.0210930074932545e+00   8.5519035421885619e+00   1.0613270702857204e+01   1.3214763624207800e+01   1.6689889699871781e+01   1.8527716629675826e+01   2.2777194646183315e+01   1.1154531523206403e+01   8.9114560833497247e+00   8.3967695337468751e+00   9.3901830640652708e+00   1.1202366933427706e+01   1.2965712555247318e+01   1.5594015037240290e+01   1.7642259511805261e+01   2.0309065628381994e+01   2.3440671700214569e+01   1.3961042864622161e+01   1.2917188089065986e+01   1.2439388002874784e+01   1.2127429088111207e+01   1.3941358889414440e+01   1.5305152077496798e+01   1.6899697276251903e+01   1.9503396576051063e+01   2.2092394681511735e+01   2.3076395821541475e+01   1.6560982300774835e+01   1.5200060990926923e+01   1.6162576534940662e+01   1.4818185520796813e+01   1.6492439092295864e+01   1.7744157096336046e+01   2.1386894356745668e+01   2.0757715431504224e+01   2.2660228846506669e+01   2.6317130470011563e+01   1.7897277256306886e+01   1.9140146845913989e+01   1.8155896937187919e+01   1.8707583047332164e+01   1.9332837096371364e+01   2.0494841484172326e+01   2.2324659705263787e+01   2.3699171367888507e+01   2.6017912474659607e+01   2.8466929825222099e+01   2.3152092355087209e+01   2.1745027212276952e+01   2.0703363903726341e+01   2.1620068799774096e+01   2.2597914655375927e+01   2.3827112870474629e+01   2.4945812728315477e+01   2.6358274300708931e+01   2.6274165116040489e+01   3.2128323365088342e+01   2.4809347408671304e+01   2.3804447671136685e+01   2.5549193866881971e+01   2.5085669234117891e+01   2.5411966995753378e+01   2.4145660965701364e+01   2.6917140472693710e+01   2.8558299336972556e+01   3.0148704382641977e+01   3.1242605066854537e+01
   9.3759252942772786e+00   6.6165840966803691e+00   4.0846515616646526e+00   3.1572690827667995e+00   4.2741331045282900e+00   6.6290503437305217e+00   9.6193081649584826e+00   1.2411999029003805e+01   1.5860414927303010e+01   1.8392954854906996e+01   9.1941547995845685e+00   5.9602391262093519e+00   2.8453765112557834e+00   0.0000000000000000e+00   2.9443575467219887e+00   6.1464701202697087e+00   8.7320438064664003e+00   1.1770931602320157e+01   1.4434111906696501e+01   1.7971086030281576e+01   9.4349850161369897e+00   6.5394094826754703e+00   4.2084092617566782e+00   2.9894610655511524e+00   4.1416748073317207e+00   6.8319190344563472e+00   9.3046089215486916e+00   1.2164579508080401e+01   1.4925533120482813e+01   1.8416092799786508e+01   1.1346006363497523e+01   8.8043122524681792e+00   7.0052007480789698e+00   6.0133688839511032e+00   6.7771779572246977e+00   8.6982602873026007e+00   1.0454773877746847e+01   1.2658110987311208e+01   1.5438437420335040e+01   1.9421521524902545e+01   1.2619252521884928e+01   1.1122541916423488e+01   9.7060525595110327e+00   8.6344886209297584e+00   9.7846145900337866e+00   1.0783600124654832e+01   1.3334163292119513e+01   1.6052225923880389e+01   1.7521795443205260e+01   2.0360116858768876e+01   1.4921086862784808e+01   1.3427827459408407e+01   1.2614968524320764e+01   1.1605574672887432e+01   1.1194874075862064e+01   1.3626989926909792e+01   1.4883183440107107e+01   1.7514372428144956e+01   1.8753554998790374e+01   2.1716833859282072e+01   1.7396679458513194e+01   1.5296296678681321e+01   1.5376451230692510e+01   1.5695558419712222e+01   1.5665368080722192e+01   1.6195097508855280e+01   1.8075423548951004e+01   1.8690395314152074e+01   2.1667322375769622e+01   2.3718558419118708e+01   2.0258074105848994e+01   1.8798088764960681e+01   1.8739865349303173e+01   1.7493605279633886e+01   1.9331047040309105e+01   1.8876628042256769e+01   1.9177911074425417e+01   2.1623214174924666e+01   2.3532072717623713e+01   2.4903603917633330e+01   2.2855284770691732e+01   2.2034130402401171e+01   2.1217190924905893e+01   2.1839496787600392e+01   2.1325589847237453e+01   2.0799161409163283e+01   2.3110899872830885e+01   2.4541177602406822e+01   2.5485329418426652e+01   2.8628945660813329e+01   2.5145848639223519e+01   2.4761162548796232e+01   2.4924921528064260e+01   2.4793990112602600e+01   2.5096872019825579e+01   2.4709557928473298e+01   2.5727546435945857e+01   2.6772664406347932e+01   2.8941570629821275e+01   2.7965143641273947e+01
   1.2122522905155622e+01   9.9581195863826668e+00   6.4616763665733954e+00   4.2369339664189223e+00   2.8455567223160783e+00   4.2669324982770114e+00   6.4761448677136508e+00   8.9845697410216534e+00   1.2292264139465225e+01   1.4151244783184920e+01   1.2814003241468036e+01   8.5854654696047188e+00   5.6867264289679049e+00   2.9443575467219887e+00   0.0000000000000000e+00   3.1663621830622519e+00   5.8525015122494111e+00   8.9576786138742879e+00   1.2266311683866943e+01   1.4108716829180473e+01   1.2826935629053660e+01   9.1332193430611852e+00   6.8190560358269057e+00   4.3151108680267871e+00   3.0338757634585787e+00   3.8764174014038835e+00   6.9540901515154259e+00   9.5058221760870953e+00   1.2979849755504617e+01   1.5629920338473593e+01   1.3300033769429769e+01   1.0823214014419429e+01   8.2973922782801868e+00   6.8769626772675014e+00   6.0459691328096321e+00   6.9209232359185213e+00   8.6042317088005404e+00   1.0850264502796417e+01   1.3904589831981323e+01   1.6531514686425087e+01   1.4741530229312177e+01   1.2910973491520576e+01   1.0168508005874836e+01   9.8821982578717638e+00   8.9983908615381853e+00   9.2818542624607918e+00   1.0717066459784743e+01   1.2512244545812379e+01   1.5225565163039933e+01   1.7667614330024492e+01   1.7040945911867642e+01   1.5585487934992670e+01   1.3553842155916369e+01   1.2714762795122489e+01   1.1618513722558420e+01   1.1721644627721750e+01   1.3071499078337652e+01   1.4596183455836366e+01   1.7003668793747273e+01   1.9564144808328873e+01   1.9692318682266997e+01   1.7931596154557756e+01   1.6279998862220051e+01   1.5058212891879007e+01   1.4640000470696473e+01   1.4169454444060873e+01   1.5958509300529277e+01   1.7077978440247666e+01   1.8280738605211560e+01   2.1953620665118546e+01   2.1824355050939037e+01   1.9913121544092142e+01   1.9500817990304586e+01   1.7590095185893713e+01   1.8377501651157381e+01   1.7336172405544630e+01   1.9330216105632385e+01   1.9543512320800215e+01   2.1037764337148147e+01   2.2837309567218199e+01   2.4132205362650598e+01   2.2695050790580240e+01   2.1158364600620413e+01   1.9901488313264597e+01   2.2026292651885807e+01   2.2202140888372458e+01   2.3047093595226812e+01   2.2252898665359023e+01   2.4476896866665307e+01   2.6378862500321397e+01   2.7239183427904880e+01   2.5332435025782058e+01   2.3626405073885664e+01   2.3822016596150291e+01   2.3881485372237691e+01   2.2369703640488940e+01   2.6595148064595932e+01   2.5123076539605560e+01   2.7363534383944668e+01   2.9122291698414585e+01
